Run semi-empirical minimization
 &qmmm
    qm_theory='AM1', grms_tol=0.0005,
 scfconv=1.d-10, ndiis_attempts=700,   qmcharge=0,
 /
   6     C       11.5790        4.5600       -3.0290 
   6    C1       11.1510        5.7560       -3.9230 
   1     H       10.8710        5.4160       -4.9240 
   1    H1       11.9480        6.4960       -4.0190 
   1    H2       10.2860        6.2670       -3.4920 
   6    C2       10.2810        3.7510       -2.7720 
   6    C3        9.7190        2.9810       -3.7980 
   1    H3       10.2540        2.8570       -4.7360 
   6    C4        8.4450        2.4190       -3.6660 
   1    H4        8.0180        1.8560       -4.4920 
   6    C5        7.6930        2.6170       -2.5060 
   6    C6        8.2630        3.3390       -1.4560 
   1    H5        7.7140        3.5030       -0.5340 
   6    C7        9.5350        3.8980       -1.5900 
   1    H6        9.9040        4.4890       -0.7590 
   8     O        6.3930        2.1230       -2.4490 
   6    C8        5.3980        2.6060       -1.4970 
   1    H7        5.3590        3.6980       -1.5500 
   1    H8        5.7000        2.3060       -0.4900 
   6    C9        3.9970        2.0210       -1.8140 
   1    H9        4.0500        0.9300       -1.7740 
   8    O1        3.0490        2.4810       -0.8330 
   1   H10        2.1450        2.1430       -1.0250 
   6   C10        3.5140        2.4510       -3.2140 
   1   H11        4.1880        2.0750       -3.9860 
   1   H12        2.5160        2.0530       -3.4130 
   1   H13        3.4730        3.5400       -3.2920 
   6   C11       12.1650        5.1800       -1.7310 
   1   H14       12.3580        4.4090       -0.9820 
   1   H15       13.1120        5.6850       -1.9400 
   1   H16       11.4920        5.9250       -1.2990 
   6   C12       12.7370        3.7350       -3.6500 
   6   C13       13.1080        2.5080       -3.0850 
   1   H17       12.5130        2.0790       -2.2830 
   6   C14       14.2750        1.8500       -3.4890 
   1   H18       14.5580        0.9160       -3.0090 
   6   C15       15.1070        2.4030       -4.4640 
   6   C16       14.7210        3.6000       -5.0690 
   1   H19       15.3360        4.0550       -5.8400 
   6   C17       13.5570        4.2540       -4.6660 
   1   H20       13.3350        5.2050       -5.1390 
   8    O2       16.3060        1.7660       -4.7730 
   6   C18       17.4120        2.4350       -5.4490 
   1   H21       17.6360        3.3670       -4.9220 
   1   H22       17.1110        2.6650       -6.4750 
   6   C19       18.6760        1.5360       -5.4690 
   1   H23       18.4370        0.6010       -5.9840 
   8    O3       19.7340        2.2070       -6.1790 
   1   H24       20.5560        1.6660       -6.1870 
   6   C20       19.1590        1.2150       -4.0410 
   1   H25       20.0630        0.6030       -4.0710 
   1   H26       19.3820        2.1330       -3.4920 
   1   H27       18.3950        0.6620       -3.4910 

